Target,Uniform,EI,LCB,N_rot
omegacsd_CAVNUI,157885.6615117685,-7.824942877108768,-10.869560727124892,4
omegacsd_SFDMOX,44.32507083565528,8.21046484881171,8.75287760771215,4
omegacsd_FEKYEZ,116.70920200489597,8.70102921312824,4.549455706652584,4
omegacsd_LIKMEX,1826.038213780406,10.586078971271505,5.32228658443961,4
omegacsd_PEBHAF,102.2806367072095,10.459078807388778,11.826819663532206,4
omegacsd_VORJER,388.23817154980736,-2.3673396641335387,0.989251588540867,4
astex_1gm8,79.73308477939979,3.946855894196048,4.8076791499999985,4
omegacsd_DOLJIX,23963.84782533597,2.2285454035985026,10.925893490531166,4
omegacsd_DIZWAK,1184.3260709731167,9.777701531107112,4.260770319959107,4
omegapdb_1iy7,926.6295464844003,5.824744667105335,15.597021613454217,4
omegacsd_FURSEM01,354.12057363563764,2.9640219740378484,5.32392748187381,4
omegacsd_SEYPUH,139.05579679967528,8.901989481838612,7.685222592711412,4
omegacsd_WEBCOV,1999059.6914712845,9.526810244121037,10.323359271504088,4
omegapdb_1d3h,28.921767147934396,4.044607971581435,4.653687302478026,4
omegacsd_CIXFIY,7497.327299926375,-0.44225224177797884,4.471356874885558,4
omegacsd_FEFPOV,31.273598172273346,2.4843837041339256,3.8309430422979887,4
omegapdb_2iko,2.7596306359412353,-1.8736532455625081,-0.9503604035916737,4
omegacsd_LACCEX,8254.76058656884,11.450136580365616,5.891357695930836,4
omegacsd_YICPIJ,402.7605680747149,8.205669880603047,14.790982974081963,4
omegacsd_DEBBER,324.68944808774813,9.963056760523017,12.168400174692238,4
omegacsd_GAVMIZ,14.202454877228874,5.295751728763278,3.439930533257453,4
omegacsd_PXEZSD,38111.56227763688,-7.509563419092245,-7.509563419092245,4
omegacsd_GEHKIN,139.24271817403826,9.640550295262429,14.692919080659209,4
omegacsd_CETZOQ,476.1600561437457,4.338016420368454,3.7253456063321266,4
omegacsd_YILDOM,27.789536027454403,7.695627880519567,7.0415080798353245,4
omegacsd_VEYRAS,909.0538791256296,5.9393955664419735,3.151720570129484,4
omegacsd_FUMBOE,1542.2882580452663,4.453418605825576,6.760452698941137,4
omegacsd_DUZDAD,13.113319206962103,3.339506854377845,0.6989290257449596,4
omegapdb_1v2k,35.43125499333526,8.019767158801343,4.941313697884965,4
omegacsd_NBPENC,206546.3282208554,1.3352931450859558,1.9749774074252997,4
omegacsd_ABZNPS,109.60953322698393,0.3308363860419945,0.6191820985793868,4
omegacsd_SINKUV,18.706558439229838,11.938471679014839,10.669499832201488,4
omegapdb_1o37,53.33287265343465,0.5896285764712559,-0.43827086178160357,4
astex_1xm6,222811.42795765877,5.439847379109068,5.658272039300769,4
omegacsd_FIBREN,391.26143380128343,5.263823535604814,5.346946946767773,4
omegacsd_SPIRIL,164.77597657184242,2.5648037056715864,2.988045445065275,4
omegacsd_CMXPYO,228.39183068735997,-0.07293816675118592,-4.832496512450817,4
omegacsd_JUVPAR,526.4397645977389,1.3508418163828395,-0.6759826565276512,4
omegacsd_HEMLOA,36.25341134228675,2.82549191615243,-0.003653049928885821,4
omegacsd_CIPXEE,210.16842120453475,-3.0609099371626485,-5.808504899794251,4
omegacsd_CABCUD,227.71420263789526,9.179415130257638,14.506070602186142,4
omegacsd_WAVTIW,67.53449378734807,-0.8537919020479734,1.4703639523069256,4
omegacsd_BAFJEX10,555.4775007941308,10.948174829242816,10.948174829242816,4
omegapdb_2byh,45.67489113213594,3.637954708917732,1.5234677934052385,4
omegacsd_GASPUL,23609.922637062857,18.148939918583622,5.884574626245524,4
omegacsd_COKTAX,364.79468585770513,3.344656798742477,6.58201850114699,4
omegapdb_2f71,74.97278915993161,12.239002390315108,1.9248148841749213,4
omegapdb_1xom,4239.770894901239,3.9163377524335203,6.260521742354484,4
omegacsd_BATROD,33.49823479291959,8.18235249657431,2.5766612899116694,4
omegacsd_KOJMEB,22.784308726332675,2.5886728736809417,2.7155509527385604,4
omegacsd_KUBHEU,236.60071662387264,3.989798754625596,2.172172883398261,4
omegacsd_BTHYDX,18.667270874345974,4.882896307637139,5.298386342976954,4
omegacsd_WAMZAL,51.43738176566029,14.485552422708608,5.119467076926753,4
astex_1nav,14.688564470807322,-1.0744582202295874,-0.39849027760399736,4
omegapdb_1r6w,16.640816835898608,6.136969201661799,4.585517090402611,4
omegacsd_DERZAB,6.851609992799048,10.726234675483376,4.39739664528949,4
omegacsd_HEPYAC,57.54727284655286,9.68748472173786,11.979687849990427,4
omegacsd_BUHNIB,67.47987790960322,6.16274194033933,5.3748802527167925,4
omegacsd_CIJVAS,199.17497681995934,2.5818678983147123,1.5425182341319186,4
omegacsd_BHMPET,15.599215503910159,2.3590458326371078,4.991710668022236,4
omegacsd_ACPIXZ,70.25575146691392,-0.6120277812493669,-2.5148622824696645,4
omegacsd_HEKZAY,54.900222641668734,4.226725113761319,1.5532123883070028,4
omegacsd_VURTOR,41.64506051566491,-4.97443433329849,-4.646934266013858,4
omegacsd_CUWRIV,162.04827535769732,4.290278346445092,1.7290820431020961,4
omegapdb_1jsl,18.42359840328147,6.217673863847882,3.650579386114881,4
omegacsd_HEVXEL,7176.797993954535,5.702203689329522,5.224285764784909,4
omegapdb_1uf8,914.1139288574152,4.88647511512562,7.335734919973291,4
omegapdb_2izl,4317.256634469015,8.354610289855032,8.354610289855032,4
omegapdb_1sn5,237.34120922141702,-29.771713139456978,-25.581338344339883,4
omegacsd_PKOJSI,50.78359123873953,3.763730300504321,2.048585634814998,4
omegacsd_YOXDEU,92257.03997103615,15.060246519748915,26.695093439692705,4
omegacsd_PIBSXM,318.64695412614776,8.423050277300263,13.029645747728495,4
omegapdb_1uu9,27.147104155912523,3.4338180316262097,5.248593471872958,4
omegacsd_FUSZOI,345.3564223671041,5.618722681088826,3.768050353428734,4
omegacsd_ANTZOB,11.650531966762657,6.057148473063307,4.530376500781458,4
astex_1v4s,132.2906763925778,4.539229074577584,7.914837787283837,4
omegapdb_1exa,8.411959376430516,-3.883061370242686,-5.525811131088673,4
omegacsd_GIHWUP,20231326.337234292,-4.645173214725489,-6.47663530682857,4
omegacsd_CBZHYX,2715518.0089714415,3.1576451643523598,7.668211198835053,4
omegacsd_CEWFUF,12.792486315355347,-0.11649686818664406,-0.029792161412260043,4
omegacsd_LACPAG,1622.817161584959,8.57709936819888,8.623620479568174,4
omegapdb_1qnf,2268.864695822761,9.46849451315694,26.70577321448978,4
omegacsd_DCTXAN,29.68749363212858,7.645434474831731,9.84931317374732,4
omegapdb_1r34,24.51067171731856,8.170652365323022,10.159364420157672,4
omegacsd_BEXVOP,42.77666128640864,3.9979359152250282,5.1557718441496405,4
omegacsd_SOPSIZ,180.43647643314677,-1.5924978525222855,-1.5581594769713263,4
omegacsd_DOTFEX,16.251878056793032,-1.1702101413255974,-1.1702101413255974,4
omegapdb_3cbs,9.541693225783305,4.474799150738548,1.0560552673787384,4
omegacsd_FOLYIO,43.48015067720634,6.93989876301157,7.266933895423065,4
omegacsd_ECBHMP,21.180483584107037,1.5085037217969628,8.596035360152761,4
omegacsd_HEPKUI,161.61906599608056,0.8164864004234147,10.307561552291716,4
astex_1t9b,22.90232305179245,7.007905885610285,9.590534359042039,4
omegacsd_VOXHAR,396.9299491681078,9.831970759381349,6.701370409659987,4
omegacsd_CLPNXA,10734.43329051073,3.3863362028032213,13.666790759150018,4
omegacsd_TPHPRO,1697.0307270098353,8.786797768646124,13.66877327333323,4
omegacsd_YAHFAO,469.25505483215164,6.9561559834775295,9.577953601706,4
omegacsd_VIBWIM,14.888891335928093,1.3238838402335489,0.630014698177277,4
omegapdb_1w9u,1730.5690699630015,5.337697950370355,7.867651239940713,4
omegacsd_CAFGIZ,36.319631609261236,2.9396725848378438,3.2498686323769306,4
omegacsd_BUDCUY,142.17502600000284,1.9924651843274432,1.3996240560808246,4
omegapdb_1q72,132.83872520191179,15.072489699776376,5.177281287571468,4
omegacsd_KICRIX,44.99419771680421,5.590872624003822,5.942970492745417,4
omegacsd_DAXKAO,52.61108052363757,6.1341120342531354,2.6321298745722572,4
omegacsd_FEYJEY,174.775035107179,5.338585822349138,2.594741240544117,4
omegapdb_1s63,199.10232227081715,8.425375994207457,7.2640088961699405,4
omegacsd_PACVUK,345.86880653260215,43.266439747233065,118.61610652857028,4
omegacsd_GASXED,29.01993996745034,-1.4779651555402822,-0.6324167524842323,4
omegacsd_YULZOU,71.89715661787332,13.037310217764173,26.740891347574916,4
omegacsd_CUJSAB,49.737768655956415,4.120720248889782,4.303966790908454,4
omegacsd_HEXFEV,14.540399104369357,2.265676735294221,0.175522650819687,4
omegacsd_LINLAV,59.54162542788556,8.509549670255339,10.491959301077713,4
omegacsd_GEJLAI,18.959213745481662,6.053608452146605,5.792694846081758,4
omegacsd_SEMXEN,3253.0062331548015,3.462786711602277,2.7892530688755137,4
omegacsd_YUYJEH,50.36382014972047,10.345186853808315,3.290555928643812,4
omegapdb_1nqu,684.4893417230237,13.786056350746534,6.724761140651054,4
omegacsd_PXMPEN,16.529766916822197,10.425775346912062,0.2267943150182674,4
omegacsd_MBZTZT10,567.2089490681955,3.0552955943945506,3.036690072167147,4
omegacsd_CPYPTZ,8.270388348776521,2.197143473215263,0.8944136079369471,4
omegacsd_DECZIU,141.54953714653294,0.8071662556964725,-0.3104035868708621,4
omegacsd_DOXANN,17474.205400602077,3.926078580860505,1.6017368028313683,4
omegacsd_VAYXOI,162.07043454046698,5.089524021139084,9.76538315562108,4
