Target,Uniform,EI,LCB,N_rot
omegacsd_VIBNID,88.43880515391076,3.386583551480328,8.287877431247594,4
omegacsd_DENBUT,7.8198500602869245,0.897560610321861,0.897560610321861,4
omegacsd_BZAPUC20,49.359269294086914,0.8259626497221078,2.74496094859278,4
omegacsd_VAMCUH,36.56731812704763,0.0985161297196413,0.9721427951319157,4
omegacsd_AMOCMS10,52.7413122256946,5.216640446599996,6.7424215299184596,4
omegacsd_SORCOR,69.72806765803858,3.7508613526764805,3.1536070607735667,4
omegacsd_KECDUR,28.297308106291766,-2.3089087577809835,5.934329585714281,4
omegacsd_VUSKID,20335.251429816803,3.9773784319384404,2.0247587965456404,4
omegacsd_DIAVER,16.81802310485827,0.07270252048562043,1.1562562461338501,4
omegapdb_1m5b,544.9535813083595,6.003757016279362,3.844770005851302,4
omegacsd_HBFRAN,131.2847825582628,1.0616550114149703,6.139060398293417,4
omegacsd_GIFZAW,339.86741592522196,8.38831393187246,11.21122523433661,4
omegapdb_1xn0,3110.9744122656334,0.7929093411111765,2.2913140422756655,4
omegacsd_DIWWUB,4.12434179939423,5.142131476642575,0.578247339730467,4
omegacsd_YEYVED,35.11772244783002,1.1273788573682282,2.963598859465492,4
omegacsd_PIKDIW,14.439900317411535,6.514245189768573,6.4331996378951715,4
omegacsd_SIHDES,14.11427575229105,4.741678927234972,10.521387827199803,4
omegacsd_FIXNUV,2197.487045443678,-5.397115820337909,-5.016850610474307,4
omegacsd_CDBMPI10,3.5057256982401555,-28.18619575393157,-25.98964571646107,4
omegacsd_HEPGAK,6.485237991773445,0.493221320012438,1.0120598170528723,4
omegacsd_SIHVUA,21.809119910162703,5.825917484992683,10.938026735210872,4
omegapdb_1hyo,21.803027767688533,6.899012606036152,5.469946059145968,4
omegacsd_FPAMCA,55.23734331990731,3.4299102573895652,2.780884026832922,4
omegacsd_KABJOM,39.21018280233845,0.5431352977425234,0.8124324854946536,4
omegacsd_WIKJOP,3.7344941452220155,0.5587687423846219,4.229405992381977,4
omegacsd_NFCSEY,42.20002449953651,1.293936311297955,0.5992053439923666,4
omegacsd_QQQHDG10,22.44583116002213,-4.71257449380203,-4.296452523601559,4
omegapdb_1k2u,69.23036835462321,-3.9323806969907196,-2.8255554413983788,4
omegacsd_MATSTA10,13.903636393158045,1.2495670510818897,3.8486143638397223,4
omegapdb_1ofd,90.70766132095258,5.025613986149311,5.025613986149311,4
omegacsd_LIKGIV,60.281402411598904,7.760326919077244,7.799378290178211,4
omegapdb_1y6q,224.4586211265035,1.3007985538344684,5.371362819123661,4
omegacsd_MTBPNP,35360.09283104425,-5.252406189343191,-6.4890050108189286,4
omegacsd_MLDPHE10,1335.4549716479194,-1.277842052118615,2.5068475899040266,4
omegacsd_BESCEH,61053.592349817154,1.931473909524648,6.292926601319834,4
astex_1n46,26.151612051483184,0.43133931464456055,4.54339741678011,4
omegacsd_DIWPUU,125516.21444714817,-2.424163022919629,-2.424163022919629,4
omegacsd_YAYDEH,53.186366442371295,-3.4957342421243993,-3.304093321072088,4
omegacsd_HEMXIG,45102.806657722984,2.9930904363494335,1.1252259258292128,4
omegacsd_FOJZUZ,264.07876336420276,1.2838144172489692,1.5301681621803098,4
omegapdb_1o3m,1.7486023780967201,-4.4506524583036935,-4.144320191113053,4
omegacsd_VOWXEK,26.078963339551535,0.9777440376856887,2.0975588790747395,4
omegacsd_KOKBIV,35.586840542098614,3.0949945533200207,0.9729125234788825,4
omegacsd_TAZXAT,8091.624840259144,-0.0731281933486514,1.4106525742442955,4
omegacsd_WELGAV,70857.29599715784,0.5075161757352902,-3.3039530833953705,4
omegacsd_FEMMAL,19.762963498097676,6.851528681479479,7.347652856870496,4
omegacsd_GINKUJ,20.17100545137548,2.516634622947322,1.5650364729547874,4
omegacsd_DABGUI,50.39275343413276,3.0714779806900623,6.059414790268917,4
omegacsd_YOPRAW,32.77857980827656,2.3542253477073984,2.820798011580763,4
omegacsd_CIBPEI,24.26658690097277,1.9322855536891055,1.6348841338508677,4
omegacsd_CELXOG,37.321167693135564,-0.4660972721971248,-5.069570849626036,4
omegacsd_BAJZOB10,624.2742517061455,4.009534879980123,6.564975524673343,4
omegacsd_FUPFIF,362.0671638962825,-42.93910537278467,-38.69915862672143,4
omegacsd_COYPIP,86.58738970961338,-2.1917481322145846,-0.698941055660228,4
omegapdb_1ik4,122.5707125776226,14.022205305031378,11.905518682583818,4
omegapdb_1qy5,127.33657681261168,0.7409863990509962,8.917125989716169,4
omegacsd_GIKJOZ,7.464999400010726,2.3048799721163817,2.1320128749189564,4
astex_1tt1,854.4810953296394,15.821976942736796,24.28561534399315,4
omegacsd_CBMHZP,1491.7014825296803,-1.3342885994179596,-9.875524224658335,4
omegacsd_BAFYOW,76.3729825932289,-7.966867915969743,-7.05796636775959,4
omegacsd_WASTEP,4.117605529774934,4.454767766923283,5.138511349890692,4
omegacsd_BUTDID,26.41266770282901,-0.32744486222770774,1.478828837094909,4
astex_1owe,11.693160223786393,3.3945535055294016,-0.3034259537275332,4
omegacsd_HEMWUR,95.55339245558945,-0.02677993643016663,1.3166998154377723,4
omegapdb_2hd6,11.321688799231268,4.228357014663878,6.6216775802004975,4
omegacsd_CUNTIO,208.93720591528984,4.623105036258977,4.234202334106342,4
omegacsd_GIHKAJ,27.022810466869487,1.6949573153413553,3.0922486931752644,4
omegacsd_HAVJET,19.424070279256128,-4.390824464155386,-3.2259053364589363,4
astex_1ig3,15.847074920919113,4.496802617281354,5.526341247874996,4
omegacsd_FEVZUB,11.935021859604618,2.358385364859231,5.5279557096528364,4
omegacsd_VUGDEG,49.65581896917187,-2.440355960606354,5.537595603448523,4
omegacsd_FOBZIF,3.258290815256302,3.1703725390840845,4.334306651155899,4
omegapdb_2bts,29.396006148840698,-0.5740038981597593,1.5342403431589702,4
astex_1tow,256.07640702088185,3.281094041301923,3.868693511812392,4
omegacsd_LAXWEM,314.0195024136989,5.210869225517833,5.05050178095108,4
omegacsd_CAGXEN,24.415550662964428,4.28158569691243,-0.010607695543825457,4
omegacsd_COFHIO10,213.64900707086832,3.6706248206111525,1.4864664877287126,4
omegacsd_SOPNAM,49.194543280362495,6.178255128346265,0.8846934305604037,4
omegacsd_CEKNOV,87.67422080468904,2.1046772389876907,4.363235110992363,4
omegacsd_YAGWOS,762.3866376706821,4.973473059919087,15.595489474493036,4
astex_1oq5,16.999635156373756,-0.6323616654402144,-0.20887427646843548,4
omegacsd_JUDWEK,3.5821802927717386,-1.7981650010031913,-2.1131994363201017,4
omegapdb_1m2x,117.25250904337243,8.101291066456739,8.803302906247204,4
omegacsd_DUHSUU,25.260117155416296,-0.7807841716641803,0.09479638075149666,4
omegacsd_KEBVES,22.662283614407386,2.8977379961641248,4.431836062023166,4
omegacsd_PBYXCH,15.219987977333716,0.9300615554360405,2.621098172417028,4
omegacsd_ABHYTZ,32.1287131888739,-0.5381625347843197,6.476686961312694,4
omegacsd_PBBSHD,521.559410747913,-2.4994066732161144,-3.0987894225017527,4
omegacsd_TECSUP,231.27755328329653,9.11809007157511,14.500492370535738,4
omegacsd_SEFLIY,15.104796482728638,7.45057839515961,8.511349675710981,4
omegacsd_FAJVAN,1320.8910600668873,7.6343787309890985,12.420732857508902,4
omegapdb_2g8n,15.79580550900603,3.771517446520047,5.847869369838065,4
omegapdb_1m5f,24.804552245234262,7.449945121743028,9.741278545167084,4
astex_1ke5,84.76089364669623,2.5864542677447844,5.8185982339851705,4
omegapdb_1gz8,4216.632775580637,2.571181905940236,1.1940855498620522,4
omegacsd_TAPBZO,3015.8420952794254,3.9477679322014296,6.758889598866034,4
omegacsd_DOPXIP,39.18245826292714,8.346655420286325,11.420849640108287,4
omegacsd_CALLEG,115.52626987655397,4.984670473454088,4.601912635715777,4
omegacsd_DOHREX,10.71808735085257,0.9126689619521642,1.131372040349845,4
omegacsd_SAVYET,13.997159738474267,0.7254974376462258,0.9501088164166447,4
omegacsd_KAVNOK,3.2012755093789025,2.3829756414774295,1.3480947586089371,4
omegapdb_1gjd,38.59475867635793,0.3855814939501556,6.531242079990093,4
omegapdb_1h2k,21.766022207010607,2.2555251882266276,6.331286201748334,4
omegacsd_PTHPAL,139.1223187965397,2.3118764887897427,2.3118764887897427,4
omegacsd_BEHHOL10,2224.554474065446,2.8623716546826827,4.760743465138404,4
omegacsd_DUPKII,20.94457912559237,-2.7978236097427356,-2.836549432243743,4
omegacsd_FIVPUV,29.77456232292876,4.434938786878192,3.863160029024307,4
omegapdb_1yc1,28.81444685468678,1.3408170951417944,-0.746420505626979,4
omegacsd_KUHNUW,7.817302567854782,1.3415154947982515,3.6374515672162175,4
omegapdb_1o2q,493.1750289742114,1.429605279277851,1.5182874945239178,4
omegacsd_SLFNMF02,7.658207898052922,5.017536553254942,0.4470837317785836,4
omegacsd_DADDUH,2.4026211418001395,1.6756069954094528,0.2675514371890557,4
omegacsd_VEXROF,81.0777548205061,4.336079690849804,3.0995889861660864,4
omegacsd_CPPHAM,29.066154922345937,1.8238049438068913,2.854915208916765,4
omegapdb_1r4p,22.188138972361976,3.846395295057974,11.148316086711148,4
omegapdb_2hb1,139.06984252000657,4.035084584341096,0.9089823843814671,4
omegacsd_CUHNEY10,19.660239529615737,-5.34655996844981,-1.1768127073746655,4
omegacsd_BZAPCX10,1953.7439977499203,5.62450861036389,3.3115742834428943,4
omegacsd_YAZHUC,60.887477379208335,1.6754746209992817,3.6505389698418327,4
omegapdb_1pck,21.691726592566823,8.33535884400439,12.199609502553727,4
omegacsd_FOLMEY,74.78279524217434,5.402714790611327,11.858864913356236,4
omegacsd_LABLOP,5.878010979600475,3.905093066493464,4.354118884061052,4
astex_1oyt,166.44265206944618,0.9786460530498573,-0.16590297675745092,4
omegapdb_1uf7,31.353875214344328,8.075783536623305,2.14252129922545,4
omegacsd_CELDEC,11.171507279779405,-1.8093715706363867,-1.8093715706363867,4
astex_1l2s,106.66782776059273,7.259143336531999,4.01900691411835,4
omegacsd_DENDAC,28.654191395832164,2.6188245689599725,5.5146476729153235,4
omegacsd_CODYUP10,490.3219000781281,3.2580476203385658,5.613454553770538,4
astex_1tz8,218.81292587637517,5.251306642980261,2.9857393879035925,4
omegacsd_DUMTAG,63.79593462858743,0.5968686029552401,0.7222488079167135,4
omegacsd_FAVYEG,31500.048346226788,2.793311845346075,4.774872358953083,4
omegacsd_HECHEC,406.47706053679667,-3.382394341227865,0.7069943101900407,4
omegacsd_SADXIE,245.59989325336954,5.6239507799906505,3.1703058610258097,4
astex_1opk,210.36715474121692,2.4102511184238153,2.856054014466011,4
omegacsd_EHMPYX10,161.7712827468707,4.28614630676234,0.9203972942074117,4
omegapdb_1g6c,15.652176297429264,9.69288148382276,520.1688065406877,4
omegacsd_LADTOZ,134.0310538973007,3.7881091587342723,3.991927310725657,4
omegacsd_PCPTZA,10.614568541320693,0.1133214807798737,2.363119858749563,4
omegacsd_FIWLUS,42.84330483872838,0.15425453972415681,8.279578178668288,4
omegacsd_ANTZOA,29.52714531638513,2.8472307784288375,3.683978111341453,4
omegapdb_1j3f,14.449864010271114,-3.6376653422221636,-1.0893530943633039,4
omegacsd_WESFOP,6.174321959907225,6.65984195520231,1.3557798916194912,4
omegacsd_CPQZOL,147.19372362246287,-0.3891888518405935,-0.3891888518405935,4
omegacsd_YUKKUK,681.2284821516835,-3.998161070128205,-2.2314525283262867,4
omegacsd_DIGSIV,20.8128754260373,1.662509092317947,0.9531893841654124,4
omegapdb_2cbs,8.896411045696276,3.794665010964785,1.610726246765374,4
omegacsd_AURMIN,6.42054753263578,0.5585967316889224,0.5366818708204875,4
omegacsd_SOWCOW,6.113574646731905,1.5904086748878683,2.7252847752453064,4
omegacsd_VOXNOL,2.5646779345781567,0.3048753609379844,1.700897131448329,4
omegapdb_2btr,3.305294837074314,-0.6591217861951719,-1.9850989796224923,4
omegacsd_DAWRAU,26.969678761358793,15.607037048651904,21.180120904226342,4
omegacsd_JUBJOF,10.792280693829177,3.197014270162221,2.2182132810746324,4
omegacsd_EITDZL,-4.046335041894054,-3.4839203342815637,3.328588456086962,4
omegacsd_DIZREJ,-20.55057925825973,-26.883772549771166,-27.292770877997953,4
omegacsd_CMXPMB,2955.3913922799693,-7.1680970222112705,-4.576957834690589,4
omegacsd_FOMDUG,8.102911784125915,-4.640363153695013,-3.6530074163552513,4
omegapdb_1s8j,5.123064058584077,2.3583156732427852,9.662571252777852,4
omegacsd_FEWBAK,68.7699109708532,-26.015230790745903,-19.829704418033344,4
omegacsd_LETBUH,26.75043067928098,0.6594646714434589,0.6594646714434589,4
omegapdb_1gja,42.68641600178347,1.943511661804294,0.19744499708927776,4
omegacsd_CMPEPI,197.04483840688542,4.463550717540343,10.519421683344007,4
omegacsd_JUHHEZ,15.835075368001178,4.098404720333043,9.8929475573659,4
omegapdb_1o3l,18.65031563629347,-1.2053445230256088,-1.4486598116650597,4
omegapdb_1nnk,460.202086590127,1.4337717522783464,1.2462945909210035,4
omegacsd_VOPDIN,48397.78914717215,9.134442335628137,3.6177645857261993,4
omegacsd_BIBHID,173.7183504949213,19.379929831243437,6.150348068804519,4
omegacsd_GEJJUA,34951.60678677914,0.36261687515272456,6.215731339788022,4
omegacsd_YOSMOI,22.787078834511618,0.4848539838816066,0.9014058036366208,4
omegapdb_1sa4,308.5327456053346,5.458742849523375,2.3193814816201836,4
omegacsd_HASCOT,74.3120810500381,2.0034019438982966,1.0806090149853276,4
omegacsd_ABVPRO,49.09813701598998,-0.6100217430722665,2.005617351950491,4
omegacsd_HEVJAT,3.671773774853122,0.7271413368202957,-0.7306928166435824,4
omegapdb_1oks,79361.95599731583,4.241397419446422,4.601938292124984,4
omegacsd_PMPAIN,4.751305838628667,0.0024911049171123523,4.109055865659926,4
omegapdb_1rf6,19.728553247150852,2.42804111812044,3.866288598021015,4
omegacsd_KACKII,42.51465487521786,7.822693679002484,11.890657537171293,4
