Target,Uniform,EI,LCB,N_rot
omegacsd_HEKROE,8752.490990838449,2.064981035373947,1.2121459892818578,4
omegapdb_1pa9,1.4103859477446932,-0.782184584832585,-1.264154893150554,4
omegacsd_CLPTBU,5.277130735240171,-0.014201145819981775,0.2350966343240799,4
omegacsd_BEWLIY10,19.167254852252995,1.7653905823574974,2.8097277660212683,4
omegacsd_LAWJEY,7.157987641924116,3.247595660397785,3.247595660397785,4
omegacsd_YITLES,42.351352300149024,-0.12911138629783636,6.53689871924648,4
omegacsd_YESPIV,13.736554216008045,2.9445177744462967,4.27261401192024,4
omegacsd_JUKZUK,774.6914654322927,1.0600423534938415,3.1167087643365505,4
omegacsd_BEWLOE10,126.44808293562828,0.301982744324107,0.0036574804924498494,4
omegapdb_1toj,15.289083665912344,0.020276305622054736,2.202258570089409,4
omegapdb_1m5d,32.06952494331201,4.658021566715821,5.042911083738936,4
astex_1jd0,57.78190705159328,0.289072534323914,12.452678852507201,4
omegacsd_BAXOZO,13.098733961556185,0.02342956823978426,-0.0037658773826620973,4
omegacsd_KIHWAZ,504.60299193920775,-10.44796733953234,-10.840389757475066,4
omegacsd_DAKGEB,5.4718349207544605,0.13732018394864554,-5.191267887898476,4
omegapdb_1bto,3155.374658021465,2.6612309983166558,3.0287444669851933,4
omegacsd_KEMHOZ,1047.1564004963695,2.018878134799408,2.3957188834886907,4
omegacsd_PAPPHI,19.338047886903112,1.3176055028569351,1.722488349417688,4
omegacsd_PEXFED,444.84373796077944,0.16497613479717188,8.079725148689164,4
omegapdb_1uwc,11.207236466464607,-0.028489752983084315,-0.007055834561818131,4
omegacsd_SIFJIA,8.726016178421261,3.8876265741809064,4.12855790915971,4
omegacsd_CUSLUX,1964.284744281636,2.549170647852179,4.422316045033085,4
omegacsd_BAFREF,9.932892258362045,0.20908884846261344,-0.013237227271389429,4
omegapdb_2brc,232.63086466156966,-1.1679970395851598,-1.5947824625837796,4
astex_1n2v,12.94673986748981,1.8617378766249573,1.3219984070458253,4
omegacsd_AMPDAM,24.10436346837986,3.587280446164783,4.976791693430329,4
omegacsd_VENRUB,7.170598873982783,3.407193327739492,4.032027527498485,4
omegacsd_CLPHAC,50.00522504652565,3.377609181004175,1.6661084124761203,4
omegapdb_1k2t,1.8120332286210328,-2.689459212118365,2.992856046068468,4
omegapdb_1utt,6.934276221154249,1.1511053119886014,0.8633732417713134,4
omegacsd_FUHHAR,7.229800005937292,0.38149690626440247,-0.02817986767517766,4
omegacsd_GATPOG,12.875417632268928,0.2037665791182306,0.9489294075657355,4
omegacsd_FOWPOW,16.680020322660397,1.6069631982896766,1.6069631982896766,4
omegacsd_TEKBIU,59.56045975820314,8.249736081336778,3.847941385872076,4
omegapdb_2ggd,111.58477930678396,-2.520944358438925,-2.500175954621085,4
astex_1of6,18.1919755314617,2.0500769884137426,4.527481769715372,4
omegapdb_1w1q,20511.000656432047,5.089727679626215,2.9945528088104894,4
omegacsd_EXOADN,46.18982704753325,3.8717307405680472,4.449005897113118,4
omegacsd_BETFAH,5.1613111423483815,-3.7395670480602945,-3.421349479579547,4
omegacsd_PIDSIE,8.81442046616327,0.29894716111085273,1.0862382935937518,4
omegacsd_HAVRUR,4704.618812695333,-9.448911559135652,-9.448911559135652,4
omegapdb_1d3g,276.9596067239619,-10.636184981832798,-11.77607616751196,4
omegacsd_SEMDET,211.75257370515016,4.03202046616471,0.48118304365611664,4
omegapdb_1p1o,6.667912469146138,4.490584056793011,4.224843519414435,4
omegacsd_HADLAZ,193.71876577980004,0.41751149502414364,2.803973780173891,4
omegacsd_FURACM,42.632841414815175,2.7309126441983693,1.4396744185260815,4
omegacsd_BUSNIM,9.791640040780713,6.243976303407862,10.642604219653748,4
omegacsd_HALJOT,65.70084269979327,3.518181631712121,-0.04985974274442384,4
omegacsd_LERKAU,6.127492306599862,0.7559977863995471,2.8794982302331817,4
omegacsd_YINDII,14.65433666173928,2.866201248557303,2.866201248557303,4
omegacsd_SAVXOC,289.46525091061727,-21.436840559028994,-19.62331886203411,4
omegacsd_PNBPIP,11.556004403365321,-3.707666108826075,-2.3370137608915513,4
omegapdb_2iuz,37.38651147783557,5.951843635128341,7.072871626211565,4
omegacsd_CIBPOS,3.542436304348655,-2.140148355650588,-2.1493550553168035,4
omegacsd_BELWOE,100.04404905647816,2.4131306306720397,1.7286030786714477,4
omegacsd_FUNYAO,59.06953893885475,3.160692283141998,2.075479428199742,4
omegapdb_1h1p,12.367778760893849,3.832546906241305,1.4618470425282624,4
omegacsd_DUDPAT,34.22940259324617,-15.1407721309061,-14.499894878064438,4
omegacsd_FOPMIG,36.82793665716156,0.29841030710392147,5.32928136977219,4
omegapdb_2bgd,10.948154363369056,1.4676225693861653,0.3811009719924101,4
omegacsd_GALMOV,21.099126545606822,2.375540524820849,4.1734656195563105,4
omegacsd_GEBJOM,2096703.4210411117,1.9021427204094152,1.9021427204094152,4
omegacsd_CBSTHP,7.258534519320687,2.94126931833004,4.474528649838319,4
omegacsd_KAVLIC,29.2300218958608,0.33434847042623517,3.425002631463755,4
omegapdb_1q91,21.903348325889652,17.02825821971703,4.402910938085981,4
omegacsd_DAHNIJ,24.097056988189244,4.884994518486494,4.436926617508782,4
astex_1n2j,135.67752012110697,5.125372633162549,6.266888769472381,4
omegacsd_BATXID,9435.467575240922,3.969991327540896,8.85637713285331,4
omegacsd_LEKMET,20.479698142004253,0.2024131836474936,4.684835795907162,4
omegacsd_JOXFIL,25.407065402816954,0.7002317192154379,3.3353922435021843,4
omegapdb_1n2b,44.89945844356093,2.149224347967177,7.323158747635304,4
omegacsd_WESZOJ,24.603452588654136,3.4814689954893083,0.8349901076207686,4
omegacsd_COYVIV,20.079506125426008,3.0492152410084543,5.461242867388705,4
omegacsd_CYCLIZ10,387.7010132162709,1.3107164185859972,16.858322387191294,4
omegacsd_FIJJUD,154.8741555672136,-0.2631183699828341,-0.2631183699828341,4
omegacsd_DUXYOK,17.013136083936303,2.1278464151878325,7.9315831685698015,4
omegacsd_DEBFAR,0.8247431141197126,-1.0721328144525444,0.800388973351204,4
omegacsd_CLPSAM,4.6208215691067025,3.0607076710454706,5.3973161191672006,4
omegacsd_PMTSZD,328.58209918957414,0.7343256802502367,0.3286953473011849,4
omegacsd_CNINDO,5.879018229225849,2.0753282674668583,1.7964077967787375,4
omegacsd_FEYKUP,722.8012444596727,2.9623384208136088,6.362830107921042,4
astex_1q4g,9.203659906500967,2.8868550116783,0.3875664814144528,4
omegacsd_YAHBOY,701.5072625495478,0.5611618039026993,1.3669098246511382,4
omegapdb_1wvj,40.2460307808506,8.106696478908148,6.273907506047337,4
omegacsd_VADTAV,5.223101760038418,1.4389967993702442,-0.5415154157854545,4
omegacsd_EMZPPO,10.261774759618483,4.11038602753144,0.542607264223328,4
omegacsd_FACCER10,17.124346782972957,2.4653205565630714,6.876434592212178,4
omegapdb_1gj6,4.855494140371128,-4.614087844046679,-3.5991958742175854,4
omegapdb_2aw1,-4.090915788609948,-5.087923423581962,-6.128692144334259,4
omegacsd_ANOPPS,8.579438614098578,-1.3542715077301253,0.8104231666630213,4
omegacsd_MINTSA,-1.0951088840292442,1.7519161598193236,6.288351070315279,4
omegacsd_PMCPRC10,56.30253132434637,1.527579662083518,18.158901111958272,4
omegacsd_CPIPLA,56.99639385088548,-2.4611114272077472,0.4898224174007808,4
omegacsd_SLFNMB04,-2.245139357409016,-1.3238258247663452,-0.236306777757207,4
omegacsd_FUDVUV,13.063734242979024,-0.006107162789589893,0.6224945337642112,4
omegapdb_2f7p,1702.3894531740486,9.168981804996733,1.2283792742689883,4
omegacsd_TAJSEC,6.392971170454132,-1.816585157147486,-4.293797668631882,4
omegacsd_FAHTUD,45381.89391915614,-1.5072472962065575,-0.9977847283557111,4
omegacsd_TAPZEP,7.97656861232036,2.2823595845609965,-0.594805222550999,4
omegapdb_1xap,3.7562096362989195,0.01854273202560819,1.5198706666802764,4
omegapdb_2aj8,102.86983016615247,1.5344040991958678,3.260879301727826,4
omegacsd_LETBAN,954.8716155899853,1.16839057468259,2.865411072216858,4
omegapdb_1xqc,68.03301135079522,-3.415417638208055,-0.24797646859695988,4
omegacsd_FUCFIS,0.459445643213499,-0.6220149895348328,-0.3871887664230016,4
omegacsd_COVXIU,12.78241783393112,-1.96065579564862,3.0142618901373055,4
astex_1q1g,38.526104749149304,13.80661222085979,13.80661222085979,4
omegacsd_DUDNUL,-22.989110028442227,-23.774526530734065,-21.762405122457423,4
omegacsd_BSBTHP,736.0400468493209,0.21450498619692837,0.8850936199497497,4
omegacsd_MAMNAQ,83.47372213705373,4.777412348231664,7.8674019321557935,4
omegacsd_CMAPTX,34.21564712027957,17.718270182991333,3.956738440162823,4
omegacsd_HEJTAR,93.70275595098039,4.534415920250346,0.3363262617765912,4
omegacsd_FABWUA10,11.659331586085173,-0.2020316947198353,4.028208371874982,4
omegacsd_ABIMAZ,21.003940537885782,10.379620640590812,7.192696655230286,4
omegacsd_PMAANO01,285.2213193635547,5.369595601611465,2.288962767838342,4
astex_1r9o,16.16408994356994,0.9754694462354863,0.9284091604659253,4
omegacsd_VOXMOK,10.66375764329242,-2.2048584503870288,-2.2048584503870288,4
omegapdb_1syh,1846.75581003882,-0.08986347433035746,-1.7655287240126256,4
omegacsd_DCLPET,59.98111075162663,6.860241974893938,11.585021019208412,4
omegapdb_1yc4,5.436836712702657,3.4185199955738454,3.5687221759145444,4
omegacsd_PMPBTZ,73.37502113949103,0.148741850292879,1.9499453592166844,4
omegacsd_JUBGES,116.09711443830672,1.6056603888008567,1.0863681650751005,4
omegapdb_1ur8,34.93090142003334,17.411265494979745,6.040441343338912,4
astex_1n1m,8.408223882973584,5.9749756606700934,10.890216648304541,4
omegacsd_CENNIS,192.59773372872462,0.5996575825588053,1.7947951283289996,4
omegacsd_CEVTUS,45.758216128579875,-0.27765534644532863,9.173389820112874,4
omegapdb_1c1u,7.615422700015515,0.2957178948029977,1.5402402866639093,4
omegacsd_KIHWED,18.43149881817186,5.764946230439534,4.196366677476135,4
omegacsd_WEVTIA,10.2906127171808,-1.38538478429572,-1.1370900350181685,4
omegacsd_JUDLUP,21.56466845659864,-0.4757110405676457,1.3116622749756317,4
omegacsd_FUNXUH,12.612206364986093,2.173861675137559,1.334093656828756,4
omegacsd_BUNFUL,60.15306990083869,-15.859618680887948,-15.513465202068183,4
omegacsd_MRMPYR,9.697439245470598,-0.019877931562824358,1.1565415509480061,4
omegacsd_GEKWAU,31.81430015431252,1.102782623377756,9.02555416592704,4
omegapdb_2evc,-0.2717688330931196,-5.798364803659844,-5.366363171982961,4
omegacsd_FECPUY,18.599644359892565,0.7342631525073102,10.45943105389334,4
omegacsd_WIDDIW,7673.157086475859,0.32244537831292064,6.050548477158401,4
omegacsd_BBSPRT10,3.3336297464121785,0.15370044271831063,1.1996006208847305,4
omegacsd_HEXYIS,23.887751302846958,9.094550712358547,3.332484766277169,4
omegapdb_1e2m,5.2148777799951915,0.14698692517781353,0.14698692517781353,4
omegacsd_KAXXAI,116.06320948663864,4.690061905253572,8.577810998155115,4
omegapdb_2flb,29.907286104797002,0.09269783743786064,0.08201349715022133,4
omegacsd_DANNEL,31.846648086416252,4.373691855735046,5.840360606582593,4
omegacsd_CANPUC,1.0658676781861516,-0.6692764060593106,-0.6427191921856377,4
omegacsd_CMSMOC,11.533689547379794,-0.5104127320272767,3.217009072430841,4
