Target,Uniform,EI,LCB,N_rot
omegacsd_VIBNID,163.27234293269305,24.18637325692616,17.37244423351548,4
omegacsd_DENBUT,9.58298480385254,-0.9213793099123251,-0.746019537383674,4
omegacsd_BZAPUC20,37.482975388190496,2.5283206533910807,4.394555967627451,4
omegacsd_VAMCUH,335.31924068071385,0.46457764862947215,-0.1623557147797925,4
omegacsd_AMOCMS10,116.07344358159216,2.027248147482311,8.455862272955983,4
omegacsd_SORCOR,3.828399536080809,2.5000380703006613,1.9908699068915325,4
omegacsd_KECDUR,-0.0022328120991090827,0.9147327401483665,-2.0999334667999108,4
omegacsd_VUSKID,12.862495850079306,1.8125806003028586,2.0679187880432295,4
omegacsd_DIAVER,7.874842131006773,0.9618661995931603,3.848558735772528,4
omegapdb_1m5b,25.551577617906517,2.4494174350255697,7.871158403434428,4
omegacsd_HBFRAN,37.57628167410418,-0.5266318040158922,7.3069902505210464,4
omegacsd_GIFZAW,457.8133836875054,6.153383806371409,4.916331910331941,4
omegapdb_1xn0,15.492324795881252,0.5869325850125975,5.70206628200377,4
omegacsd_DIWWUB,38776.437978409194,4.636454105955437,1.906770102231647,4
omegacsd_YEYVED,221.6601961528919,2.2629457455234956,1.4714905551475894,4
omegacsd_PIKDIW,34.967510373435545,4.697116446992766,4.736678483263368,4
omegacsd_SIHDES,181.9650504138197,0.6588855570135621,2.153354593561204,4
omegacsd_FIXNUV,33.86597396521372,-8.309369886256434,-4.324592680984566,4
omegacsd_CDBMPI10,19.40116555754028,-26.555407851544658,-31.559642825975303,4
omegacsd_HEPGAK,2.494660492601838,1.7209888378204994,0.15955590618716542,4
omegacsd_SIHVUA,13.791028519974812,8.519800368497823,6.105644319949484,4
omegapdb_1hyo,432.11910844600646,3.152976900269266,3.003989014010614,4
omegacsd_FPAMCA,10.320687827273503,3.685735855591034,1.6975479988177113,4
omegacsd_KABJOM,19.44607402774784,-0.6806121129294382,4.46811258003202,4
omegacsd_WIKJOP,39.48950917965626,3.584633268936507,3.422742190655619,4
omegacsd_NFCSEY,11.078248875223096,4.162659113896552,3.2478685189775547,4
omegacsd_QQQHDG10,28.975141682503953,-5.735791469375684,-5.734403412127868,4
omegapdb_1k2u,32.63524193079881,-1.8039386022743003,-3.559848448498414,4
omegacsd_MATSTA10,66.84993617933881,0.402763902454673,1.8962146306983243,4
omegapdb_1ofd,25.247752565532984,5.3615148240924455,3.7363705568999475,4
omegacsd_LIKGIV,24.79035527673652,9.797220018949261,-0.477218754768586,4
omegapdb_1y6q,943.6348821073096,3.422183228751969,1.4533817030147986,4
omegacsd_MTBPNP,34.8953034465265,-6.2342668157475885,-5.599496265877903,4
omegacsd_MLDPHE10,153.30134827263282,-2.269214138170753,-1.793479900395539,4
omegacsd_BESCEH,47.83828381011474,-3.1420988315805687,-3.1420988315805687,4
astex_1n46,23.049606113189427,9.036752071704882,6.47199320602877,4
omegacsd_DIWPUU,45.371505485092385,2.2465452833577757,2.5929845464248586,4
omegacsd_YAYDEH,5.100993594562283,-3.3730256188677856,-3.6641965719956175,4
omegacsd_HEMXIG,88.6348984447642,0.7941559576245112,2.9063107191636277,4
omegacsd_FOJZUZ,184.63390730000427,1.9470045500196136,2.3183010645213997,4
omegapdb_1o3m,37.304079152438106,-4.741381438796438,-5.04348383645484,4
omegacsd_VOWXEK,0.7333142457567163,1.3063564304134445,2.6072447737154363,4
omegacsd_KOKBIV,4.431147082283843,3.534871230615366,3.5602599989181556,4
omegacsd_TAZXAT,119.4336837587042,2.1256876868701795,3.448662680351134,4
omegacsd_WELGAV,2085.9248045047784,-2.9684213334761296,1.1382504911526468,4
omegacsd_FEMMAL,26.25680252028799,4.160517875909008,5.171443394287692,4
omegacsd_GINKUJ,184.9084822994574,6.174805690706876,8.565590531151855,4
omegacsd_DABGUI,16.611475650085268,6.184962117134674,6.985056209590425,4
omegacsd_YOPRAW,712.2632499224078,-2.008666229284401,-1.6492831738226101,4
omegacsd_CIBPEI,31.573832565651216,5.2246073703330325,-0.5673235113050481,4
omegacsd_CELXOG,0.41797921850809416,-3.3511593768250236,-3.3511593768250236,4
omegacsd_BAJZOB10,56.67435212262791,10.201465655816975,9.467452145986911,4
omegacsd_FUPFIF,639.8181912005687,-41.00915224241902,-47.581824180122595,4
omegacsd_COYPIP,17.34520852156571,1.6219141624539901,-0.032481661228999315,4
omegapdb_1ik4,576.6093900920475,12.186013312825139,5.1473947281768915,4
omegapdb_1qy5,43.20881942642515,2.9112468430102325,4.11670845130574,4
omegacsd_GIKJOZ,39.507672630667685,1.5676532582593552,3.5435509530719997,4
astex_1tt1,238.96022257742197,20.707595599206194,10.158307846675655,4
omegacsd_CBMHZP,7.086652507850573,-9.458524070467973,-6.908673657068064,4
omegacsd_BAFYOW,19.711326646149118,-5.761628207926549,-6.715697469856934,4
omegacsd_WASTEP,10328.850896838485,5.369641898380493,3.117125243516277,4
omegacsd_BUTDID,33.388681419045454,-0.40667967095130564,0.03241283977961018,4
astex_1owe,26.071319391356006,4.619892031281239,3.020389830052281,4
omegacsd_HEMWUR,21.689399145305316,2.9460921037118837,1.5193895355137528,4
omegapdb_2hd6,30.439866801597077,3.2765727180361637,1.0658199088032205,4
omegacsd_CUNTIO,116.0214803448499,6.671812433962302,8.139385636423597,4
omegacsd_GIHKAJ,29.31721374292424,4.018552383757125,3.686562500486062,4
omegacsd_HAVJET,55.900580461500496,-7.108657013132657,-1.7152789885503097,4
astex_1ig3,25.847257856015304,2.7959084007095285,8.076424482817629,4
omegacsd_FEVZUB,120.43594095423718,3.4476257321313213,5.1787967199227865,4
omegacsd_VUGDEG,29.358349777463005,8.319707853960232,8.36718907496384,4
omegacsd_FOBZIF,3.1606082261039887,1.2483005532613447,1.5697093544017235,4
omegapdb_2bts,23.868417079773536,2.310577602840084,-0.5727832380890732,4
astex_1tow,49.785118770760974,5.232315058324161,5.761809888364141,4
omegacsd_LAXWEM,7447.384716817348,3.349145891212139,3.770113381104885,4
omegacsd_CAGXEN,20.95531757063152,7.268364247823612,3.7172164940609704,4
omegacsd_COFHIO10,22.039506335651296,0.7021687822501264,0.8251495512682396,4
omegacsd_SOPNAM,23.704990988412447,1.6419360100205154,5.090791352504553,4
omegacsd_CEKNOV,645.4477376292504,1.9983847019028076,-1.1006993429019616,4
omegacsd_YAGWOS,22491.208985982346,14.670349986352818,7.280915074461944,4
astex_1oq5,11.682703813274316,-1.5086941923498216,-0.9229880045636492,4
omegacsd_JUDWEK,14.978870392931228,-0.8864413919930385,-2.599654031850939,4
omegapdb_1m2x,167.82314419829237,10.23711667016417,10.23711667016417,4
omegacsd_DUHSUU,15.421617815643799,-3.6664044285874553,-1.7429125655290392,4
omegacsd_KEBVES,380.10122092959995,4.2576634916662215,5.012152232461034,4
omegacsd_PBYXCH,19.152598553405852,2.9724707409045976,1.106034145873771,4
omegacsd_ABHYTZ,9.337621919959659,5.539970526959465,2.70913288024137,4
omegacsd_PBBSHD,6.526155520353029,-3.744536924547134,-2.2181051864692023,4
omegacsd_TECSUP,28.229455067177057,7.586823566066911,6.647330442370659,4
omegacsd_SEFLIY,2936.779354359963,3.257725375353033,5.494616801809343,4
omegacsd_FAJVAN,60.166185768473596,8.806536884252296,16.073056486423198,4
omegapdb_2g8n,45.441910676269444,6.143178192801386,6.08429884236611,4
omegapdb_1m5f,8.530597308452357,3.785443816806236,8.473112482823225,4
astex_1ke5,16.53455397077238,4.357604133357839,3.4648042524748206,4
omegapdb_1gz8,12.237485427515239,1.8266431506907992,5.4288801643476035,4
omegacsd_TAPBZO,277.57983712533485,-0.040364206162543326,5.291956333188693,4
omegacsd_DOPXIP,32.74320522212544,9.696427225119947,12.912514517527654,4
omegacsd_CALLEG,4.9118825845990415,6.689198967888778,6.937981038118743,4
omegacsd_DOHREX,1.7612333717211612,1.198225315878716,2.167122537245106,4
omegacsd_SAVYET,6.107050911222032,2.0729599324106402,0.9158520765745948,4
omegacsd_KAVNOK,54.03296458655876,1.7982024486062755,1.4809645628277082,4
omegapdb_1gjd,19.61846262433606,11.409408552779013,-0.16324826425439198,4
omegapdb_1h2k,33.29130600614377,5.675363911704025,7.4073556198041,4
omegacsd_PTHPAL,10.624531426249533,6.187581362185547,5.779366455324649,4
omegacsd_BEHHOL10,22.013633686360528,4.7750092323190785,3.121432259578839,4
omegacsd_DUPKII,10.198089837548707,-2.8243884317541728,-2.8243884317541728,4
omegacsd_FIVPUV,27.951374587552465,6.072581335937684,2.937668819769087,4
omegapdb_1yc1,9.900344530449566,-4.396077148954937,-1.6546700593524761,4
omegacsd_KUHNUW,9.427372894816614,3.255262863943308,6.056489750540003,4
omegapdb_1o2q,2250.845523692273,0.1959303781195132,4.468520617932867,4
omegacsd_SLFNMF02,15.622558188672897,5.196191173059546,9.421037654433903,4
omegacsd_DADDUH,19.844184747612132,2.4228149087599746,2.897208921813757,4
omegacsd_VEXROF,13.58858806959983,5.56392307733627,1.895111206314212,4
omegacsd_CPPHAM,24.68556158202096,10.27238781684364,6.379243471357903,4
omegapdb_1r4p,15114.562197902971,4.415035247635089,1.398004607006591,4
omegapdb_2hb1,191.9825495265047,2.50852988487366,5.683383953797964,4
omegacsd_CUHNEY10,88.45465780722566,2.2106424405673692,8.893869938964798,4
omegacsd_BZAPCX10,40.97695663676329,0.6512529715194546,0.015351503593848292,4
omegacsd_YAZHUC,28.492858546829737,3.0031135994256317,6.480548497676196,4
omegapdb_1pck,686.448106116261,5.182789831534421,9.244581048320043,4
omegacsd_FOLMEY,75.32305693077294,1.8691406855738677,1.8691406855738677,4
omegacsd_LABLOP,11.71838905811407,3.4770221894988538,5.378937321207474,4
astex_1oyt,18944.157964870385,1.5914085649032046,1.0422207912462653,4
omegapdb_1uf7,162580.70147344522,4.40771022321033,6.847716138502307,4
omegacsd_CELDEC,9.832106833269165,-1.2003568903699886,-0.7479226070127538,4
astex_1l2s,80.34371833066031,7.530236658482934,9.867005553148502,4
omegacsd_DENDAC,20.57479009367467,5.629900278301854,2.32874168865753,4
omegacsd_CODYUP10,5278.779708356127,5.506742274142027,2.2621646101468187,4
astex_1tz8,1872.7129525471153,2.4078916664956083,2.4137251881465076,4
omegacsd_DUMTAG,199.17023341537617,1.9390000350897054,11.519511141823827,4
omegacsd_FAVYEG,717.5112094267267,2.2158243980572436,1.2768796674837617,4
omegacsd_HECHEC,133.64487123759085,0.11010134091029045,1.8578190302188915,4
omegacsd_SADXIE,115.77314188032688,2.5936777450057775,3.2541026281500933,4
astex_1opk,87.94264221888791,1.745432222198275,1.7125379894454227,4
omegacsd_EHMPYX10,1110.8315927639778,5.762177181308495,4.502555045085515,4
omegapdb_1g6c,67.55811026954603,6.751489015077453,514.349363873304,4
omegacsd_LADTOZ,9.85180045425426,4.621111183985846,4.173756112380431,4
omegacsd_PCPTZA,5.099651602679948,0.9518104585282927,0.32686937312281117,4
omegacsd_FIWLUS,36.785531090840124,9.417048998691065,3.7588631971389894,4
omegacsd_ANTZOA,145.70091119736648,5.315938809577169,2.699009577947244,4
omegapdb_1j3f,23.056687093988018,-1.7409367692225857,-2.651165349011137,4
omegacsd_WESFOP,11.653384059412751,4.559134147733509,2.405159077840459,4
omegacsd_CPQZOL,43.57593691701872,1.6699607967799253,5.423624087957123,4
omegacsd_YUKKUK,15658.995644963412,-4.206956800124686,1.8235463113424828,4
omegacsd_DIGSIV,2.177617843071964,2.0711050677437655,6.855278965490037,4
omegapdb_2cbs,8.150380265567854,0.5606099513733653,-0.3739826553157428,4
omegacsd_AURMIN,7.694002528925225,-0.23012822241942388,-0.4351268129712196,4
omegacsd_SOWCOW,956.6473203813163,2.109624542164184,6.041228262870085,4
omegacsd_VOXNOL,102.82361525417608,0.8455619008975646,0.8455619008975646,4
omegapdb_2btr,26.53996046134928,2.078612893642198,0.4173131065575113,4
omegacsd_DAWRAU,13.164608555475105,7.006540445034361,3.0270617851026316,4
omegacsd_JUBJOF,17.220372977443063,2.4829487943566733,2.4753371558771846,4
omegacsd_EITDZL,264.4456330742576,-5.908164884412102,-3.337884380378725,4
omegacsd_DIZREJ,59428.65140172651,-15.912641971052224,-15.912641971052224,4
omegacsd_CMXPMB,21.03590920451306,-4.914145469338976,-7.41062435902667,4
omegacsd_FOMDUG,23.08386449522186,-4.030306503897158,-3.7917078156213435,4
omegapdb_1s8j,51.63820217679036,0.29631408933165915,3.686404187654148,4
omegacsd_FEWBAK,117.52523124571317,-21.757467021010882,-21.760039693643478,4
omegacsd_LETBUH,5.326572883712288,-2.994068887729668,-1.9816879267257832,4
omegapdb_1gja,21.960000024411826,9.79425632302425,3.139609691841443,4
omegacsd_CMPEPI,9.026414580974432,2.7590816605378166,2.4843404230331743,4
omegacsd_JUHHEZ,734.1389840913519,-0.8579101397665525,2.0526292113199247,4
omegapdb_1o3l,26.333158467479073,-1.3503056218625957,-0.5359931863775245,4
omegapdb_1nnk,96.05218414517032,1.5905829643153382,6.82712029893856,4
omegacsd_VOPDIN,130616.27814023694,2.901409160273481,11.331188546727127,4
omegacsd_BIBHID,141.55008071735438,13.317534547711809,17.737148269362713,4
omegacsd_GEJJUA,17.087454916256945,9.093561347579055,12.181860277869532,4
omegacsd_YOSMOI,24.405167865321715,-0.30436546522992103,0.7233016849617826,4
omegapdb_1sa4,143.78463900038093,5.511396961356198,8.381096173540072,4
omegacsd_HASCOT,13.435081710626463,-1.2596776064126232,-2.1964445479658536,4
omegacsd_ABVPRO,37.85260612927146,-0.5704672146627274,5.247502668439367,4
omegacsd_HEVJAT,2704.3677897641237,-0.011066433546815801,3.629666196453911,4
omegapdb_1oks,20.837911518133737,3.162425520023085,7.08029622229995,4
omegacsd_PMPAIN,12.717805728588047,1.8939820742226274,0.39143958480860164,4
omegapdb_1rf6,86.68302767381442,4.360560029876872,1.8742692907188676,4
omegacsd_KACKII,29.708930362987147,8.89228621142479,3.495209895426399,4
