Target,Uniform,EI,LCB,N_rot
omegacsd_HEKROE,3008.957133200705,-0.44846967319622877,3.5307062706790475,3
omegapdb_1pa9,8.777203447813768,0.20216031125218592,-0.18039842337090306,3
omegacsd_CLPTBU,16.86804221854321,0.054365251267100234,0.41072374226920516,3
omegacsd_BEWLIY10,13.782401935109306,0.6844762670278612,-0.00190790314107403,3
omegacsd_LAWJEY,9.153701570905689,1.1041687102639628,0.46860822573100336,3
omegacsd_YITLES,14.715154886800441,3.4875582966185803,4.361852161611907,3
omegacsd_YESPIV,5.9737767470283245,-0.7518244109478331,3.42816196288004,3
omegacsd_JUKZUK,48.19676541527616,5.2328521740646465,1.964838481239127,3
omegacsd_BEWLOE10,7.233065971914911,2.3912229731262045,0.7941997282215567,3
omegapdb_1toj,5.584397514360461,0.7080506995535139,0.40982246105384235,3
omegapdb_1m5d,18.204127772334317,6.458354746547279,5.502564057976766,3
astex_1jd0,32.93262940431911,-2.6762979181797775,-0.6658081360846708,3
omegacsd_BAXOZO,18.48908992761548,0.48803639884852856,6.181813100310592,3
omegacsd_KIHWAZ,22018.389496633292,-10.330335423179903,-11.026067601059083,3
omegacsd_DAKGEB,5.871714117298566,-6.019521891233509,-5.227278970324832,3
omegapdb_1bto,3423.894434262931,1.8946144993881529,2.981676844561955,3
omegacsd_KEMHOZ,2.1731164768438376,1.802026636156718,4.5393989349444155,3
omegacsd_PAPPHI,8.368880163833133,2.029887409657647,0.24143687772540545,3
omegacsd_PEXFED,45.93436090106924,4.81764397268303,2.3347563730637404,3
omegapdb_1uwc,22.61584628420659,3.1316484974516925,5.855349353756125,3
omegacsd_SIFJIA,163.28891882563772,1.0839526420034247,2.699035706934197,3
omegacsd_CUSLUX,166.55168159664544,0.17405527394009823,1.955844806164265,3
omegacsd_BAFREF,9.08736625819651,0.41728329643578377,-0.4459702736222084,3
omegapdb_2brc,1.5089570097208167,-1.9688785794061943,-1.4194557928311724,3
astex_1n2v,7.0465279849626725,1.0346090004160402,2.3639707158571923,3
omegacsd_AMPDAM,81.83374284399557,2.9198543519675297,1.9980252421630382,3
omegacsd_VENRUB,11.019056634292042,4.788747783828725,5.124930186187285,3
omegacsd_CLPHAC,14.023520756223249,1.4060061303644602,0.797382322291881,3
omegapdb_1k2t,834172.4807744436,-2.0834939924450424,-2.14709233669371,3
omegapdb_1utt,13.151834195660328,1.248613138594294,1.248613138594294,3
omegacsd_FUHHAR,843.9269900033622,0.10338735724396031,1.5199142336329459,3
omegacsd_GATPOG,188.04443570947518,2.263554258369396,2.6514499891140133,3
omegacsd_FOWPOW,6.048981539972246,1.5698915796132553,8.403582472142887,3
omegacsd_TEKBIU,12.300370245866986,6.150741490371786,5.242006453435806,3
omegapdb_2ggd,2.5950279450617586,-2.195301848384929,-1.28931211326136,3
astex_1of6,25.688794978398214,4.050744404705412,4.757854400191803,3
omegapdb_1w1q,143.14272250033588,3.6493605648667433,7.282698718622591,3
omegacsd_EXOADN,9.53484384724387,1.3765118119890758,4.1952070363124605,3
omegacsd_BETFAH,1.6004347001970274,-3.5730066024776193,-1.4966434851138786,3
omegacsd_PIDSIE,4.06322172774037,2.1088933374194525,2.08346147528016,3
omegacsd_HAVRUR,35.77360442350086,-9.22095169083137,-6.015552206018782,3
omegapdb_1d3g,40.43267563363017,-11.441579832109454,-12.701176206452217,3
omegacsd_SEMDET,2424.7262453797234,1.0500273629398293,1.0500273629398293,3
omegapdb_1p1o,14.745710250687878,4.938146961218074,3.885016552627455,3
omegacsd_HADLAZ,16.301553504965653,-0.03042531474049781,5.872641550484545,3
omegacsd_FURACM,9.725510758766092,1.3789884444201874,1.3681140110033425,3
omegacsd_BUSNIM,275.98605597651925,8.695097235255794,2.470426161927758,3
omegacsd_HALJOT,14.78150726400385,4.454149574377052,2.7892500575835832,3
omegacsd_LERKAU,77.14162559118311,1.3782485493510137,0.7563517375505029,3
omegacsd_YINDII,5.808872314463557,0.8023173918503943,1.3730588924741625,3
omegacsd_SAVXOC,48.03393976345919,-20.163749393901874,-21.32677769648045,3
omegacsd_PNBPIP,14.264570431674372,-0.9233324680744701,-1.8113625604156596,3
omegapdb_2iuz,4.907235159774871,5.713147775753242,4.299068678543733,3
omegacsd_CIBPOS,27.026156481101538,0.570775336173412,-1.9346563094162477,3
omegacsd_BELWOE,82.09120445451495,7.530950260707389,4.468967662663072,3
omegacsd_FUNYAO,19.919518059858092,1.7026042447814689,1.2813231666887077,3
omegapdb_1h1p,63.54776255879838,5.919145538117505,3.7569216442287185,3
omegacsd_DUDPAT,35.44872289204725,-15.75672720042202,-13.140966535437904,3
omegacsd_FOPMIG,21.836488258209826,3.3896088713388224,13.330049042243601,3
omegapdb_2bgd,52.32472104442461,2.942895060908185,-1.4286316791978066,3
omegacsd_GALMOV,28.608880022863588,1.2398700679498234,6.262797660310667,3
omegacsd_GEBJOM,9.474164633765128,1.5749281901883165,1.4963467962489148,3
omegacsd_CBSTHP,10.472840794832692,2.3282986885906922,2.32997498000703,3
omegacsd_KAVLIC,78.56794862392078,1.8660543894236667,1.865426338654828,3
omegapdb_1q91,71.99687824329276,3.043900955007061,2.534530664420032,3
omegacsd_DAHNIJ,4254.1507493567815,5.661154341756166,4.961121993442319,3
astex_1n2j,17.1308199899513,8.311116782754603,1.841222601151678,3
omegacsd_BATXID,59894.077283530474,5.883931486838662,6.256906071792912,3
omegacsd_LEKMET,11.733980108648687,0.8651848632226802,1.9406797016635693,3
omegacsd_JOXFIL,380.70612725682685,-0.7509705626009122,-0.281978390026147,3
omegapdb_1n2b,14.88584173631601,4.470460038195867,3.464052275635339,3
omegacsd_WESZOJ,14.527224350868003,1.2551808323740659,2.6005326410761285,3
omegacsd_COYVIV,9.757347262469345,-3.5375721960481172,-3.5382446391600695,3
omegacsd_CYCLIZ10,4087.389853022215,4.061113254653037,1.0582204279700704,3
omegacsd_FIJJUD,19.817359439777825,1.1007544999241432,0.5859151958403856,3
omegacsd_DUXYOK,15.218915511627458,2.496916213009328,2.496916213009328,3
omegacsd_DEBFAR,21.76913320392083,0.38620752951516124,1.1526516014384214,3
omegacsd_CLPSAM,4.648509893262457,1.747195949275934,0.2919967403282726,3
omegacsd_PMTSZD,19.919285436565865,0.8843812390706844,0.793239511022712,3
omegacsd_CNINDO,31.861571523730277,1.5090257390560708,0.9988208248671668,3
omegacsd_FEYKUP,5.767456787506092,0.25521741501859196,1.5169999353835237,3
astex_1q4g,6.960928376467791,0.37105930220830174,0.372469631630004,3
omegacsd_YAHBOY,7.982329072267397,0.43988687575882324,3.2162905059017177,3
omegapdb_1wvj,36.84532814210566,2.550536559655683,4.520503834190791,3
omegacsd_VADTAV,14.192222118655621,-1.1784430692207621,0.2635582910302503,3
omegacsd_EMZPPO,0.9860061573428354,1.1656905283171923,1.1645891962420265,3
omegacsd_FACCER10,17.39937886175929,4.094403589831316,4.212370990416709,3
omegapdb_1gj6,33.46323188322252,-4.553961873695158,-4.71075999125074,3
omegapdb_2aw1,-1.9526154252152494,-6.301944742460847,-7.190976750062575,3
omegacsd_ANOPPS,29.21198472116754,-1.9953106427493594,-1.44830245567438,3
omegacsd_MINTSA,2585.1153209751733,-1.2101475661011136,-1.9060377155641106,3
omegacsd_PMCPRC10,929.962399608082,9.015811888683253,1.7791452921747748,3
omegacsd_CPIPLA,366.65689152348426,5.962927560951172,-3.8208790808264794,3
omegacsd_SLFNMB04,6044.4697978005515,-2.2597084001272094,-2.2597084001272094,3
omegacsd_FUDVUV,12.6420837947353,-0.09705172571409548,-0.0404219175359799,3
omegapdb_2f7p,139.51690089235527,3.0232856627309133,7.563713028693613,3
omegacsd_TAJSEC,275.4659589575557,-2.7917172726808417,-4.588373981117655,3
omegacsd_FAHTUD,3.015138630905099,-0.24322957620965724,-0.25919993086704096,3
omegacsd_TAPZEP,0.8083863388356178,1.2050273510975487,-0.15018526434472435,3
omegapdb_1xap,107.20353063105806,0.5705228457608484,0.11631886350161835,3
omegapdb_2aj8,26.286273729096962,7.564918070028355,5.99821364525603,3
omegacsd_LETBAN,67.3605422888479,2.2309538830710665,2.147456863497922,3
omegapdb_1xqc,69.50690255457133,-2.2154951634492477,-1.9620582433879292,3
omegacsd_FUCFIS,1.8415465281417767,-0.13159605290405807,-0.2509836890156336,3
omegacsd_COVXIU,5.1036704521303164,1.9403810421258072,0.9289743778236925,3
astex_1q1g,1460.6781948395433,4.095211717700387,4.773869014416931,3
omegacsd_DUDNUL,-22.51977694823404,-24.67106037287391,-23.425527697381057,3
omegacsd_BSBTHP,0.32162653925881557,0.5652911474567333,0.6986949100366466,3
omegacsd_MAMNAQ,2663.1285238716723,3.7436196170193767,3.9786116268040033,3
omegacsd_CMAPTX,17.45098735971162,11.250064845822067,8.16301505670711,3
omegacsd_HEJTAR,11.706712086585178,1.189587255528032,1.7612212447683575,3
omegacsd_FABWUA10,57.00197319901524,5.574591231578438,-0.28201706746877164,3
omegacsd_ABIMAZ,51.748678420446865,-0.011181559160696963,5.931140959869566,3
omegacsd_PMAANO01,129.28425874315832,3.074895655457823,3.059725364838684,3
astex_1r9o,9.488532140319116,-0.5218855565378533,0.4281894483506292,3
omegacsd_VOXMOK,14.63577828231766,2.1689665017024495,-2.0385465515126597,3
omegapdb_1syh,1683.2620821113496,4.073475459619942,10.13336944521781,3
omegacsd_DCLPET,471.1826242409928,1.5652771085469226,1.5075004969423134,3
omegapdb_1yc4,15.966167233943182,3.4800454984062554,4.001780081257031,3
omegacsd_PMPBTZ,2875.576302165181,4.458786381359062,3.242869410772826,3
omegacsd_JUBGES,5.463218577649897,1.207942589593742,0.02250748757737142,3
omegapdb_1ur8,48.36833887217233,6.323569606703586,4.060105114667323,3
astex_1n1m,60.80498865099966,2.476605045713864,6.884794175564725,3
omegacsd_CENNIS,13.890954511534801,0.938688862255944,3.176425087609786,3
omegacsd_CEVTUS,22.145154744999942,2.967463205432182,4.743169277756863,3
omegapdb_1c1u,11.276060975677886,0.8579727930060628,0.8579727930060628,3
omegacsd_KIHWED,497.3786150802512,2.4390880738756238,2.4842949459909676,3
omegacsd_WEVTIA,7.995219939393678,-1.162259846706263,-1.0197890461155694,3
omegacsd_JUDLUP,46.01362146632229,0.8387119317124814,-0.41025973512197567,3
omegacsd_FUNXUH,19.089401366781246,-0.9660780569557659,-0.8923636239345427,3
omegacsd_BUNFUL,221.02191698524513,-15.331352163062732,-14.57882801405814,3
omegacsd_MRMPYR,115.26898171457103,2.307334034330971,4.876141358002236,3
omegacsd_GEKWAU,170.75346330948537,0.2403938182162264,-0.10505827582444738,3
omegapdb_2evc,10.36682193261413,-5.550383026890785,-4.405295916084583,3
omegacsd_FECPUY,136.5984901262202,1.309570325103877,3.392189506289327,3
omegacsd_WIDDIW,487.22045225049516,2.061299673616219,2.6845958026334955,3
omegacsd_BBSPRT10,36.14036109091093,0.6944338350333048,0.6944338350333048,3
omegacsd_HEXYIS,92.27864529478015,3.2967370987393707,4.702528183268868,3
omegapdb_1e2m,59.790780790655546,4.035274077503374,3.1435631854050285,3
omegacsd_KAXXAI,19.979555317228744,5.584897195171976,9.37445234057384,3
omegapdb_2flb,29.4283254767752,0.10987077952380275,0.3166036005844788,3
omegacsd_DANNEL,13.933590450815728,2.92312663435456,2.616142920278037,3
omegacsd_CANPUC,35.899689025864134,-0.6205018966144138,-0.5853650615767378,3
omegacsd_CMSMOC,90.64586154571961,3.381414650798291,8.805549590010159,3
