Target,Uniform,EI,LCB,N_rot
omegacsd_HEKROE,28.444049855647094,2.8316250919433514,0.40629762424548943,3
omegapdb_1pa9,3.114400748864348,-0.6178531057396697,-0.9763581631219083,3
omegacsd_CLPTBU,7.221237158666952,1.2932821657089093,-0.5155575938043881,3
omegacsd_BEWLIY10,10.595438002647398,-0.30231730985042304,2.492624414458561,3
omegacsd_LAWJEY,7.818369058506391,2.331486606791998,5.375572180430694,3
omegacsd_YITLES,23.806140021594075,-0.12771238168617316,-0.155294770808446,3
omegacsd_YESPIV,3051.636151099308,0.858122082101616,1.9970305190568638,3
omegacsd_JUKZUK,48.80218746560496,1.9934121922326966,3.3396097956203334,3
omegacsd_BEWLOE10,7.207824180422037,0.22894681188485322,0.0023814787380587177,3
omegapdb_1toj,248.12545110916375,1.4111533383256685,1.219681402429778,3
omegapdb_1m5d,16.812243590019378,0.10805946007104694,2.5566983144133957,3
astex_1jd0,16.913767159812622,-2.3824059182461763,-1.43590454383701,3
omegacsd_BAXOZO,11.193914244418835,0.9899200484006911,2.19455108340172,3
omegacsd_KIHWAZ,79.92952666000068,-10.398978364293782,-11.717622949632329,3
omegacsd_DAKGEB,3.339504181301251,-2.0978943557537377,-4.124462540054552,3
omegapdb_1bto,14.750518705044668,2.783275388911358,5.741878261730168,3
omegacsd_KEMHOZ,32.251032621146734,1.4399918875759639,0.7538140285612656,3
omegacsd_PAPPHI,33.64020924325081,1.2129444699199396,3.124301752092208,3
omegacsd_PEXFED,665.6900142141769,9.063051668558884,6.383567120935211,3
omegapdb_1uwc,17.379110016949667,0.08176525941292567,0.009917178605427068,3
omegacsd_SIFJIA,229.55572958836842,5.249229672254714,0.7930980774807992,3
omegacsd_CUSLUX,38.80352444173707,2.1904601298631405,3.628228145959497,3
omegacsd_BAFREF,0.8167773903566911,-0.26980896216625183,-0.12494440628083225,3
omegapdb_2brc,107.36112064083675,-2.4490585089110652,-2.4490585089110652,3
astex_1n2v,95.3128259765744,1.9106524765754358,0.6681411738941208,3
omegacsd_AMPDAM,1752.1613265573565,0.10422735060207344,5.839441470545552,3
omegacsd_VENRUB,50.619894551375936,5.118577732333776,5.119850466183877,3
omegacsd_CLPHAC,37.39159956101901,0.15172836968227443,1.4703604340083842,3
omegapdb_1k2t,79.6697936946104,-2.6272073661323105,-3.115005160315434,3
omegapdb_1utt,213.290550286475,2.3481232107368584,1.5091667726419615,3
omegacsd_FUHHAR,9.37399389429838,1.1027858535193786,1.9214386344996086,3
omegacsd_GATPOG,69.79038398956513,4.197007375418011,2.8056506326789616,3
omegacsd_FOWPOW,22.315908279057055,1.3651868201014281,3.353081968613907,3
omegacsd_TEKBIU,65.74687117510547,1.524264793552831,7.787515656645979,3
omegapdb_2ggd,4.1724525386624975,-2.124891076599937,-1.6206135780554405,3
astex_1of6,22.96828621146375,6.026837091864259,2.828950318879258,3
omegapdb_1w1q,66.73976065784835,5.278518225172757,5.2796554183576845,3
omegacsd_EXOADN,6.855606278936428,1.143448906068457,4.730371672768818,3
omegacsd_BETFAH,0.6788726601663768,-4.702713678454188,-4.371530319948079,3
omegacsd_PIDSIE,27.316429008302336,1.5141262800803048,2.6402887545567637,3
omegacsd_HAVRUR,619.5590976522768,-6.98659917446119,-0.49690332806538606,3
omegapdb_1d3g,-9.113822078508107,-11.985406306197405,-12.872610910647523,3
omegacsd_SEMDET,14.730365549390427,4.8155484458216335,2.861399056878497,3
omegapdb_1p1o,13.873311718377181,5.27318912676764,4.3232681518448,3
omegacsd_HADLAZ,253.54484809232048,8.797353498366803,5.724978220770737,3
omegacsd_FURACM,23.82047157773995,3.799305762690082,1.3449600120071068,3
omegacsd_BUSNIM,123.76464418901728,6.560402451308981,3.579200290822687,3
omegacsd_HALJOT,82.68496130529437,5.792854521226484,2.422833397964787,3
omegacsd_LERKAU,20.354947216203854,0.8408791749143916,2.3774250046504335,3
omegacsd_YINDII,7.13015966675691,3.183918766474534,1.1712365710877748,3
omegacsd_SAVXOC,-16.321767126301395,-22.563218361017675,-18.167936596550682,3
omegacsd_PNBPIP,15.639302433398925,-5.313170629348242,-4.978630746934677,3
omegapdb_2iuz,11984.809070415567,6.685188345778215,7.552382229652153,3
omegacsd_CIBPOS,3.636389815944014,-2.0611343918546723,-1.8784993698956924,3
omegacsd_BELWOE,598.0827591990388,8.465594223319204,5.579195397464876,3
omegacsd_FUNYAO,89.04283631350108,0.5901689250017625,1.9543441993168926,3
omegapdb_1h1p,8.512332081379789,2.753651050620576,1.7653511099177095,3
omegacsd_DUDPAT,30.432642036943612,-15.138553737450103,-15.561475628403919,3
omegacsd_FOPMIG,698.5610093534157,2.791784356468355,9.95482591094779,3
omegapdb_2bgd,16.01826299986108,4.8959705572472245,1.2514784868395026,3
omegacsd_GALMOV,133.54257356114456,4.534158301641838,0.9309484236891592,3
omegacsd_GEBJOM,14.091980065532546,2.767161854760232,3.3423884435392495,3
omegacsd_CBSTHP,22.228610616748426,2.0190507464270517,3.3181860820482463,3
omegacsd_KAVLIC,11.240296063371588,1.9526006718529345,2.6259167245433446,3
omegapdb_1q91,80.99363201148725,4.958364948410704,0.8844926897042171,3
omegacsd_DAHNIJ,22.673079287139167,6.686152485459594,4.394121718153912,3
astex_1n2j,248.88478429150524,7.966620503801003,32.784824965931016,3
omegacsd_BATXID,13.225775433810725,6.404050174726933,6.400606445196473,3
omegacsd_LEKMET,9.586033379578694,2.62182827060429,5.6382126803526305,3
omegacsd_JOXFIL,117.25309749966618,-0.492932901015962,-1.0687653019454046,3
omegapdb_1n2b,19.630719712820166,5.435731738524439,2.823538623507531,3
omegacsd_WESZOJ,23.593787440334125,2.7487022709597966,2.167775044213897,3
omegacsd_COYVIV,14.729879378922469,1.5931139850883227,4.0810513768369745,3
omegacsd_CYCLIZ10,12408.67730146932,2.657207257037385,15.99279352709732,3
omegacsd_FIJJUD,46.892141769435234,-0.2890551527017706,-0.08766212993221956,3
omegacsd_DUXYOK,24.14591377628652,1.0619681114263813,4.266866528183812,3
omegacsd_DEBFAR,18.97378129539652,-1.6167148167399858,-1.544013137690854,3
omegacsd_CLPSAM,35.92050984970131,3.3984485967724396,0.15474774357726062,3
omegacsd_PMTSZD,3.604894994432037,4.2395674685741795,1.4650955539038435,3
omegacsd_CNINDO,20.759617627562903,2.667193090083316,0.6463153493980229,3
omegacsd_FEYKUP,474.15769012476494,3.184269660619748,-0.6435543523220701,3
astex_1q4g,46.281678560344126,1.251764505162825,1.2213471151082445,3
omegacsd_YAHBOY,79.73382479221581,-0.07576265486948586,2.5773136534043957,3
omegapdb_1wvj,31.883904693231287,6.7469148339288765,6.753016886988405,3
omegacsd_VADTAV,12.634350594747275,0.14496892914800696,-0.817984444878249,3
omegacsd_EMZPPO,10366.419238430926,4.090445375422149,1.5881943597119985,3
omegacsd_FACCER10,977.9383573507439,2.7132330615417786,8.386488747802794,3
omegapdb_1gj6,6.0150833383203235,-3.8223143739907286,-4.946788384527608,3
omegapdb_2aw1,-1.0440003853124153,-5.088323279304966,-4.308630472046779,3
omegacsd_ANOPPS,4.470355430593756,-2.338303262998636,-1.3569759369457088,3
omegacsd_MINTSA,12.180409515922278,-3.0629191452742646,-2.3830588028629194,3
omegacsd_PMCPRC10,11478.966128430853,7.225980220696179,5.2247462939194165,3
omegacsd_CPIPLA,451.8918580488462,6.922448277751414,7.87229564661051,3
omegacsd_SLFNMB04,28.653938423266133,0.45037021415771505,0.07817295199879482,3
omegacsd_FUDVUV,6.6661787861930435,-0.0003323225032119126,-0.013612676223374365,3
omegapdb_2f7p,66.92016703546523,6.235292616294686,5.649307288227732,3
omegacsd_TAJSEC,10.267536187285742,-3.479231563341287,-3.6303976948852323,3
omegacsd_FAHTUD,19.084851238352968,-2.343081882517339,-1.9827694782846095,3
omegacsd_TAPZEP,65.68661155494122,1.3871352752895199,0.7317531324615594,3
omegapdb_1xap,6.673428805032756,0.8202911537206035,0.8848297611767464,3
omegapdb_2aj8,5.457954204074653,2.856629711839446,4.186281749363829,3
omegacsd_LETBAN,29.86933493651813,3.800195701529205,2.835681885428997,3
omegapdb_1xqc,-3.0010589012613593,-5.009420920411003,-5.009420920411003,3
omegacsd_FUCFIS,3.8832197332325222,-0.1859664336186455,-0.3564077661874876,3
omegacsd_COVXIU,4.561788791258323,4.995443969700972,6.555906222136855,3
astex_1q1g,12.323071268521907,6.971283788251299,5.830543603344793,3
omegacsd_DUDNUL,-18.451377471382585,-23.94037341887585,-22.26476882189955,3
omegacsd_BSBTHP,13.178361733485701,1.566159502315429,0.8827824110048859,3
omegacsd_MAMNAQ,156715.3039787456,7.758742798967376,3.9077485402913297,3
omegacsd_CMAPTX,54.90631699529523,10.989900463544586,9.25570910412398,3
omegacsd_HEJTAR,41.90140980868238,0.14638200109197186,0.22887682619238348,3
omegacsd_FABWUA10,29.000973484365986,1.1950482921126024,8.149643807907623,3
omegacsd_ABIMAZ,315.9696224048239,10.587432584826583,4.318694011846205,3
omegacsd_PMAANO01,126.00947906620563,2.8307687529205623,0.8119172185457586,3
astex_1r9o,22.77734641041254,0.9272416626900011,-0.8429624263758129,3
omegacsd_VOXMOK,16.9074670500313,0.8649242749531041,-3.6337393019909,3
omegapdb_1syh,27.950166440479343,1.901028514021064,3.086580079198768,3
omegacsd_DCLPET,52.84277109876234,4.424715568040341,9.482261708882845,3
omegapdb_1yc4,5.541149509732435,2.4127697108716006,2.388529782043264,3
omegacsd_PMPBTZ,61.017715036814565,5.7951530101372555,2.1518782904690283,3
omegacsd_JUBGES,16.260330463451396,0.587368344000808,3.3438358918919704,3
omegapdb_1ur8,10.012661027737522,4.36079360237612,5.600030968150563,3
astex_1n1m,31.038891514467377,3.8561179998579505,7.752780324222794,3
omegacsd_CENNIS,108.7895557899436,3.862943111420961,2.3549428665131558,3
omegacsd_CEVTUS,34.28239772005833,2.0275798291411107,0.18546519039669818,3
omegapdb_1c1u,0.4180175454620709,1.6420816770502356,2.605538826258389,3
omegacsd_KIHWED,27.159400790774015,5.448099758809207,1.906962953727671,3
omegacsd_WEVTIA,5.061777405703552,-1.263076574600106,-1.3494598738516075,3
omegacsd_JUDLUP,41.055099160813114,-0.518793507981627,1.3064562091933425,3
omegacsd_FUNXUH,-0.09139991197258723,-0.19357707280933312,2.400624799924728,3
omegacsd_BUNFUL,49.65881700931638,-17.196359873473597,-14.977111275581144,3
omegacsd_MRMPYR,5.505022793467909,3.821759101978479,3.821759101978479,3
omegacsd_GEKWAU,19.94827882075623,0.03866060330572196,2.801349943213502,3
omegapdb_2evc,10.893571040398776,-5.375521996654605,0.05380394069229766,3
omegacsd_FECPUY,1402.7208578217947,12.889451414323347,6.26471832529387,3
omegacsd_WIDDIW,23.915494147195574,4.879321192612693,6.34354814519746,3
omegacsd_BBSPRT10,31.883592803654665,0.7701062729147523,0.7701062729147523,3
omegacsd_HEXYIS,99.7652003010038,-1.5695000132968602,6.5376476422588965,3
omegapdb_1e2m,31.09870725456711,2.4534748013057737,4.9564299134641345,3
omegacsd_KAXXAI,16.7888693660406,7.3132342403864,9.910721618353655,3
omegapdb_2flb,8.889577982207726,0.13903771378316065,-0.01779166568464774,3
omegacsd_DANNEL,31.843392147158198,0.0022455699805732365,5.729718504953382,3
omegacsd_CANPUC,4.345421514715994,-0.6661889457607941,-0.7855205963857799,3
omegacsd_CMSMOC,180.7629803758364,4.849175164717991,1.4798167827526214,3
