Target,Uniform,EI,LCB,N_rot
omegacsd_HEKROE,115.7335937563707,2.0360345722464785,2.9177983555058375,3
omegapdb_1pa9,154.53085002908628,-1.3732382840680728,-0.8604423392363785,3
omegacsd_CLPTBU,7.534898101246412,-0.5133474125165094,0.18758182604572227,3
omegacsd_BEWLIY10,445.81795336882226,1.684083175426565,4.379865633908878,3
omegacsd_LAWJEY,16.1612025402303,1.2494093147449234,2.392153754287918,3
omegacsd_YITLES,34.555966816551695,0.6736600841242577,-0.33894643382488,3
omegacsd_YESPIV,5.711741566097061,-0.8215566139654982,3.4389617601256077,3
omegacsd_JUKZUK,465.6648923614553,5.471996639773252,0.33039984802337585,3
omegacsd_BEWLOE10,35.26306868462083,3.3876960622230143,1.7721008683286357,3
omegapdb_1toj,32.89094765860065,0.6066477059921063,1.0957616712079492,3
omegapdb_1m5d,13.360252272483166,5.025633343768156,7.7008780077925465,3
astex_1jd0,23.669265069460195,-1.6745914231837595,-2.665596416158005,3
omegacsd_BAXOZO,10.352353432809608,2.326907817282816,0.9564795777448438,3
omegacsd_KIHWAZ,174.25341634326435,-9.262133343569303,-13.84345391220802,3
omegacsd_DAKGEB,10.06927444834885,-7.318032237077048,-2.8406846551750533,3
omegapdb_1bto,3352.447637226195,2.856714069490023,3.7687502631213654,3
omegacsd_KEMHOZ,15.174563408619221,4.687489048356625,4.871950625308159,3
omegacsd_PAPPHI,15.67126314191988,2.068548960467531,-0.23406273287320545,3
omegacsd_PEXFED,27.305073814988333,0.22296230037980536,7.093136011044791,3
omegapdb_1uwc,20.98880075287859,0.024127625775903994,0.35312573786812607,3
omegacsd_SIFJIA,197.8927037567048,2.1437483790355714,2.1437483790355714,3
omegacsd_CUSLUX,169.98898610187513,0.9872470547670673,1.6121187726173503,3
omegacsd_BAFREF,6.178632246742978,0.1539418536648327,0.12845367629444127,3
omegapdb_2brc,84.92715452925272,-2.2489459493664725,-1.3768640534758418,3
astex_1n2v,30.113476740694296,1.5307284478279328,1.5307284478279328,3
omegacsd_AMPDAM,10.699422767851672,6.650341616872566,5.245659166884565,3
omegacsd_VENRUB,7.543757781861572,0.5760826633377576,1.6785616269456796,3
omegacsd_CLPHAC,101.8573692884213,2.990138734610724,1.6451980644741866,3
omegapdb_1k2t,335.4196413039558,-1.4903022429781103,-2.3021438101467453,3
omegapdb_1utt,2.9251518592323578,0.73825052148635,2.7391482509570295,3
omegacsd_FUHHAR,292.23793101484074,1.7149485121200172,1.7728023356480946,3
omegacsd_GATPOG,4.34905951876199,0.9086132824547235,0.07006462339690245,3
omegacsd_FOWPOW,11.093205963945138,-1.8839753197625413,1.577396386965546,3
omegacsd_TEKBIU,849.9796671049332,5.926732640020276,3.136069971534596,3
omegapdb_2ggd,3.649309034516932,-3.714743038970454,-3.7132977408151646,3
astex_1of6,459.408829341973,3.5148194350643607,10.774719109770324,3
omegapdb_1w1q,6.815077822140669,0.7348536811305095,0.7348536811305095,3
omegacsd_EXOADN,15.477881720538768,1.3119644960813162,1.567210462817222,3
omegacsd_BETFAH,2.4898298588198884,-3.9241251169472946,-3.2401426471968477,3
omegacsd_PIDSIE,7.950436636192002,1.6582827871031967,1.7075422513205964,3
omegacsd_HAVRUR,668.7406768455121,-8.036342548913126,-6.580841430531635,3
omegapdb_1d3g,-9.647489163599914,-11.051249309467494,-11.051249309467494,3
omegacsd_SEMDET,19.042659360655335,2.1602098199421818,1.2706638652768447,3
omegapdb_1p1o,12.193417721096388,4.14572816677024,4.556468002774235,3
omegacsd_HADLAZ,109.25033661588205,-0.6844480637736154,7.140352878666704,3
omegacsd_FURACM,53.740540977838236,0.8457622194912915,1.4551232765746818,3
omegacsd_BUSNIM,20.919002522425878,11.594909305941037,4.321290904424906,3
omegacsd_HALJOT,81.41745407559381,0.9561432888694981,0.9561432888694981,3
omegacsd_LERKAU,14.612627850471185,4.311902042363627,1.3514757074674577,3
omegacsd_YINDII,48.14661891722936,1.363702483365259,1.6021350620441837,3
omegacsd_SAVXOC,27.01118451461241,-20.52502142874672,-22.267655074399038,3
omegacsd_PNBPIP,11.235407617031,-5.221074369566381,-3.7565864024927365,3
omegapdb_2iuz,996.6019367371262,0.07332991570262948,5.944608378525487,3
omegacsd_CIBPOS,2.0296762306696152,-1.765552426247183,-1.8553768193452953,3
omegacsd_BELWOE,136.72562089476682,4.15624741262371,13.403502489029666,3
omegacsd_FUNYAO,85.25388700565645,3.306157670812354,0.537240388502596,3
omegapdb_1h1p,16629.874047009045,4.218418441546426,1.9314512013618526,3
omegacsd_DUDPAT,-9.793226784645448,-14.641664921460354,-12.890136255205014,3
omegacsd_FOPMIG,5752.474679320952,0.6147381953316398,3.5279817500240256,3
omegapdb_2bgd,17.585686710937964,-0.37779455095356695,1.989963324884286,3
omegacsd_GALMOV,134.2327442342237,11.519159271034738,18.84229511176096,3
omegacsd_GEBJOM,10.298435939210123,4.868163426169886,4.103189993595322,3
omegacsd_CBSTHP,153.8390550223485,2.3892045516431395,4.213861332355144,3
omegacsd_KAVLIC,52.43125694078179,2.80753521220565,2.163598356846933,3
omegapdb_1q91,108.47339071474372,16.760979649032663,4.13036226605837,3
omegacsd_DAHNIJ,409.9165858134019,1.6511581219233733,2.889550944263057,3
astex_1n2j,466.21850746760026,4.830743764443362,1.65542321543413,3
omegacsd_BATXID,20.319784492069914,6.941410147683172,10.69229162403525,3
omegacsd_LEKMET,26.66584106743558,2.22838125790652,0.8597874367335692,3
omegacsd_JOXFIL,9.661279032169304,1.261417290835837,-0.781331743986371,3
omegapdb_1n2b,61.667619477477146,0.8627234609579233,-1.7420522606017101,3
omegacsd_WESZOJ,27.52217783685036,4.008310024460037,4.008310024460037,3
omegacsd_COYVIV,14.77706130728371,1.5400338772210915,1.6177001845466918,3
omegacsd_CYCLIZ10,391.6581282052557,1.4093788737701516,-0.6839144810960534,3
omegacsd_FIJJUD,55.13668534367722,1.1741566701402348,0.06529447891918494,3
omegacsd_DUXYOK,40.441096230132686,8.12197483818035,12.619488751344392,3
omegacsd_DEBFAR,11.781738937708695,-0.9162317648132472,0.42851833274160356,3
omegacsd_CLPSAM,102.19750069417705,1.1960128890229456,2.053193344006587,3
omegacsd_PMTSZD,11.934237115342732,0.1945670475019412,2.7004532845646096,3
omegacsd_CNINDO,3.0167605436521683,0.6422580203589376,1.4130744264326154,3
omegacsd_FEYKUP,1600.2448118977636,4.059125401046288,4.413948536332811,3
astex_1q4g,6.595213501115175,2.8477889362597395,0.3375431170937446,3
omegacsd_YAHBOY,8.305256730326256,0.6832399836140937,4.615040399944029,3
omegapdb_1wvj,26.744010616841976,6.788824334671062,6.48927491750112,3
omegacsd_VADTAV,17.15758862410624,0.6837573748378247,1.020624934338656,3
omegacsd_EMZPPO,1051.4910434360818,2.068323126025298,0.22744880291813985,3
omegacsd_FACCER10,27.479555753345174,-1.1830872707094855,2.7474410085783276,3
omegapdb_1gj6,-4.118311062120284,-4.315470138184558,-4.474921709852758,3
omegapdb_2aw1,-4.921391716429355,-5.467276741399381,-5.135630328044485,3
omegacsd_ANOPPS,67.48941072699887,-1.9067306377189368,-0.6549545780446593,3
omegacsd_MINTSA,93.86250525957422,-0.6281570264982719,-0.40248067594433223,3
omegacsd_PMCPRC10,27.51754695946132,1.5442813916961526,0.08040896781424323,3
omegacsd_CPIPLA,4.96537227321658,-1.7492104694419623,-1.7492104694419623,3
omegacsd_SLFNMB04,20.702669680084497,2.4973942220803025,-2.0317924544213213,3
omegacsd_FUDVUV,4.634451533943761,-0.10991881499506917,0.11807246493553691,3
omegapdb_2f7p,22.70516963836897,1.635023577998993,1.635023577998993,3
omegacsd_TAJSEC,0.6697031119340977,-5.112334112535578,-2.6417881339366573,3
omegacsd_FAHTUD,9.005288196899883,-1.12223416625109,-1.4831441800101004,3
omegacsd_TAPZEP,453.11505847748845,0.23136101198387848,0.27006945776248514,3
omegapdb_1xap,5.5053520314025945,-0.052000206498760804,-0.2199642109258093,3
omegapdb_2aj8,20708.925349935038,0.2218227883119681,2.098422387020179,3
omegacsd_LETBAN,3.149253868024033,0.8254741355553676,1.3073215070014328,3
omegapdb_1xqc,349.870491760059,-2.791977918870998,-0.24278360354017536,3
omegacsd_FUCFIS,21.308029484483257,-0.5790722998159268,-0.35689820733231414,3
omegacsd_COVXIU,4.963826333836408,0.8896389240410372,5.818467953077061,3
astex_1q1g,28.374079893297086,3.091042844215295,7.045032428213766,3
omegacsd_DUDNUL,35.21125285302949,-24.058287640745547,-23.68726123855214,3
omegacsd_BSBTHP,3.923554913855387,0.969586385825405,0.8708184347110368,3
omegacsd_MAMNAQ,1616.8850998369865,3.7168839837028216,3.5665257571463513,3
omegacsd_CMAPTX,26.859320473371355,0.7808639304438003,0.7808639304438003,3
omegacsd_HEJTAR,615.1360265978102,1.2256103734142911,4.965763514537862,3
omegacsd_FABWUA10,35.00242006683432,6.421190141359901,-0.8541799457882036,3
omegacsd_ABIMAZ,24.602709965202138,2.1635354261747395,9.481100230261873,3
omegacsd_PMAANO01,25.768927636778372,4.398248695147814,2.079650516348849,3
astex_1r9o,5.419818001157097,0.39155893046837775,1.0345635292047106,3
omegacsd_VOXMOK,72.96971992278853,5.481305537576432,-2.4964880357180874,3
omegapdb_1syh,22417.15612865284,0.02150661238606233,4.387634079963625,3
omegacsd_DCLPET,199.49737247366565,6.1883168987451995,3.187485431064786,3
omegapdb_1yc4,8.761820874560769,4.65251243187803,2.3745662648032138,3
omegacsd_PMPBTZ,913.4357788157428,9.913162887558684,1.2822527467260585,3
omegacsd_JUBGES,7.031018353433595,3.442946680045125,1.1212060164667577,3
omegapdb_1ur8,61.961544177677325,8.6704973091841,1.6227622670877935,3
astex_1n1m,583670.1172130666,8.583157200472552,9.060710138557123,3
omegacsd_CENNIS,10065.797144226275,1.8807319799169733,1.8807319799169733,3
omegacsd_CEVTUS,27.254085436995055,1.5276897819814295,0.4113627346024984,3
omegapdb_1c1u,4.485619293829856,0.2523418022766819,0.23231866741381424,3
omegacsd_KIHWED,28.361223176388478,0.18451272522180773,-0.5159120699344726,3
omegacsd_WEVTIA,9.152680970885704,-1.370799992973538,-1.3866304624008663,3
omegacsd_JUDLUP,25.54569955994623,2.184970552318916,-1.0817963290507926,3
omegacsd_FUNXUH,7.327512581475403,-0.5947143301525131,-1.0112894598690616,3
omegacsd_BUNFUL,-11.945647088241344,-15.915013953628204,-15.502245225867107,3
omegacsd_MRMPYR,8.455738677941596,4.377199206920359,2.8524896420982344,3
omegacsd_GEKWAU,9.962609483446002,0.8155873254424009,-0.5982421050096249,3
omegapdb_2evc,34.0212172650844,-5.699112264144581,-5.343394799629543,3
omegacsd_FECPUY,75.97956451625556,6.68370974866275,0.8721802596743373,3
omegacsd_WIDDIW,42.57895314681777,7.009453709931719,4.189149429518224,3
omegacsd_BBSPRT10,6.655645680998589,1.2597690324928728,-1.7200539024108998,3
omegacsd_HEXYIS,143.5356580490798,4.902948466565469,4.904953084408483,3
omegapdb_1e2m,13.539544495673155,1.3558117339929794,2.750255388754013,3
omegacsd_KAXXAI,114.83277077962455,6.617666278341268,7.97282918369762,3
omegapdb_2flb,10.784479956505542,4.736416939628349,28.560279205484882,3
omegacsd_DANNEL,26.801967166080914,3.364895879174483,2.4418286309831814,3
omegacsd_CANPUC,44.4726579992133,-0.5274643895233311,-0.29552582207145406,3
omegacsd_CMSMOC,1021.5176147583502,4.564378106276422,2.960252710426502,3
